35580 组合优化 选修  2.0 0 0.0 0.00 0.0 0.00 2022 0 0.00 0 0.00

29404 中国土地制度 选修  2.0 0 0.0 0.00 0.0 0.00 2023 0 0.00 0 0.00

16018 中国近代史纲要 选修  1.0 0 0.0 0.00 0.0 0.00 2020 0 0.00 0 0.00

13738 中国当代文学 选修  1.5 0 0.0 0.00 0.0 0.00 2023 0 0.00 0 0.00

44030 运营管理与分析 选修  1.5 0 0.0 0.00 0.0 0.00 2020 0 0.00 0 0.00

22951 语言学概论 选修  1.5 0 0.0 0.00 0.0 0.00 2020 0 0.00 0 0.00

41303 形势与政策 选修  1.0 0 0.0 0.00 0.0 0.00 2023 0 0.00 0 0.00

53637 线性代数 必修  2.5 0 0.0 0.00 0.0 0.00 2023 0 0.00 0 0.00

51941 线性代数 必修  2.5 0 0.0 0.00 0.0 0.00 2020 0 0.00 0 0.00

13406 线性代数 必修  2.5 0 0.0 0.00 0.0 0.00 2019 0 0.00 0 0.00

19179 数字逻辑电路 必修  2.0 0 0.0 0.00 0.0 0.00 2019 0 0.00 0 0.00

41252 数值分析方法 选修  1.5 0 0.0 0.00 0.0 0.00 2021 0 0.00 0 0.00

52988 数据结构与算法 必修  2.5 0 0.0 0.00 0.0 0.00 2021 0 0.00 0 0.00

13473 数据结构与算法 必修  2.5 0 0.0 0.00 0.0 0.00 2020 0 0.00 0 0.00

35700 蔬菜栽培学 必修  2.0 0 0.0 0.00 0.0 0.00 2021 0 0.00 0 0.00

34034 兽医药理学 必修  2.5 0 0.0 0.00 0.0 0.00 2021 0 0.00 0 0.00

46166 食品微观世界 选修  1.5 0 0.0 0.00 0.0 0.00 2021 0 0.00 0 0.00

49876 软件工程 必修  2.5 0 0.0 0.00 0.0 0.00 2022 0 0.00 0 0.00

11935 软件工程 必修  2.5 0 0.0 0.00 0.0 0.00 2021 0 0.00 0 0.00

37843 韧性城市生态规划 选修  1.5 0 0.0 0.00 0.0 0.00 2020 0 0.00 0 0.00

14293 人工智能与信息社会 选修  2.5 0 0.0 0.00 0.0 0.00 2019 0 0.00 0 0.00

16891 马克思主义基本原理 选修  1.0 0 0.0 0.00 0.0 0.00 2023 0 0.00 0 0.00

58818 流行病学基础 必修  2.5 0 0.0 0.00 0.0 0.00 2022 0 0.00 0 0.00

58599 流行病学基础 必修  2.5 0 0.0 0.00 0.0 0.00 2021 0 0.00 0 0.00

13791 流行病学基础 必修  2.5 0 0.0 0.00 0.0 0.00 2020 0 0.00 0 0.00

53143 离散数学 必修  2.5 0 0.0 0.00 0.0 0.00 2023 0 0.00 0 0.00

51020 离散数学 必修  2.5 0 0.0 0.00 0.0 0.00 2019 0 0.00 0 0.00

12050 离散数学 必修  2.5 0 0.0 0.00 0.0 0.00 2020 0 0.00 0 0.00

29019 考古发现与中国文化 选修  1.5 0 0.0 0.00 0.0 0.00 2019 0 0.00 0 0.00

26306 精神病学 必修  2.5 0 0.0 0.00 0.0 0.00 2021 0 0.00 0 0.00

34942 结构力学 必修  3.0 0 0.0 0.00 0.0 0.00 2023 0 0.00 0 0.00

56841 结构化学 必修  2.5 0 0.0 0.00 0.0 0.00 2021 0 0.00 0 0.00

56832 结构化学 必修  2.5 0 0.0 0.00 0.0 0.00 2022 0 0.00 0 0.00

14355 结构化学 必修  2.5 0 0.0 0.00 0.0 0.00 2023 0 0.00 0 0.00

29591 健美操 选修  2.0 0 0.0 0.00 0.0 0.00 2020 0 0.00 0 0.00

19373 基础物理学 必修  2.5 0 0.0 0.00 0.0 0.00 2020 0 0.00 0 0.00

48973 宏观经济学 必修  2.0 0 0.0 0.00 0.0 0.00 2021 0 0.00 0 0.00

23110 宏观经济学 必修  2.0 0 0.0 0.00 0.0 0.00 2020 0 0.00 0 0.00

60198 海洋微生物学 必修  2.5 0 0.0 0.00 0.0 0.00 2021 0 0.00 0 0.00

59481 海洋微生物学 必修  2.5 0 0.0 0.00 0.0 0.00 2023 0 0.00 0 0.00

28235 海洋微生物学 必修  2.5 0 0.0 0.00 0.0 0.00 2022 0 0.00 0 0.00

43616 光基科技 选修  1.5 0 0.0 0.00 0.0 0.00 2021 0 0.00 0 0.00

45811 工程伦理 选修  1.5 0 0.0 0.00 0.0 0.00 2020 0 0.00 0 0.00

27869 分子生物学基础 必修  3.0 0 0.0 0.00 0.0 0.00 2020 0 0.00 0 0.00

46125 动物解剖学 必修  2.0 0 0.0 0.00 0.0 0.00 2019 0 0.00 0 0.00

49624 电路与模拟电子实验 必修  3.0 0 0.0 0.00 0.0 0.00 2022 0 0.00 0 0.00

39913 电路与模拟电子实验 必修  3.0 0 0.0 0.00 0.0 0.00 2023 0 0.00 0 0.00

47539 电磁学 必修  3.0 0 0.0 0.00 0.0 0.00 2022 0 0.00 0 0.00

46785 电磁学 必修  3.0 0 0.0 0.00 0.0 0.00 2021 0 0.00 0 0.00

17150 电磁学 必修  3.0 0 0.0 0.00 0.0 0.00 2020 0 0.00 0 0.00

57406 材料力学 必修  2.5 0 0.0 0.00 0.0 0.00 2023 0 0.00 0 0.00

44584 材料力学 必修  2.5 0 0.0 0.00 0.0 0.00 2022 0 0.00 0 0.00

41543 Rvfpga课程 选修  1.5 0 0.0 0.00 0.0 0.00 2023 0 0.00 0 0.00

23899 Java课程设计 必修  2.0 0 0.0 0.00 0.0 0.00 2023 0 0.00 0 0.00

25051 c#课程设计 必修  2.0 0 0.0 0.00 0.0 0.00 2020 0 0.00 0 0.00

10006 数字逻辑电路 必修  2.0 2 161.0 80.50 6.0 3.00 2023 5 2.50 5 2.50
10000004 测试 81.0 3.0
10000000 佚名1 80.0 3.0

10005 数据结构 必修  2.0 2 172.0 86.00 7.3 3.65 2023 5 2.50 6 6.00
10000004 测试 82.0 3.3
10000000 佚名1 90.0 4.0

10004 英语 选修  2.0 6 506.0 84.33 20.2 3.37 2023 4 0.67 5 25.00
10000004 测试 83.0 3.3
32345675 张5 85.0 3.4
32345674 张4 84.0 3.4
20230001 张3 90.0 3.6
32345672 张2 81.0 3.2
32345671 张1 83.0 3.3

10003 思政 选修  2.0 3 246.0 82.00 9.8 3.28 2023 3 20.00 5 25.00
22345672 陈3 82.0 3.3
22345671 陈2 82.0 3.3
22345670 陈1 82.0 3.3

10002 计算机科学导论 必修  2.0 4 322.0 80.50 12.9 3.22 2023 3 20.00 5 25.00
12345673 刘4 81.0 3.2
12345672 刘3 81.0 3.2
12345671 刘2 80.0 3.2
12345670 刘1 80.0 3.2

10001 高等数学 必修  2.0 6 500.0 83.33 19.0 3.17 2023 4 0.67 6 1.00
55230101 张三 100.0 4.0
10000001 刘一 100.0 4.0
55230001 test 80.0 3.0
55230002 张四 81.0 3.0
55230003 张五 79.0 2.7
55230004 张三 82.0 3.3
55230005 张七 78.0 2.7

88888 离散数学 必修  2.0 3 240.0 80.00 9.0 3.00 2023 3 20.00 5 25.00
55230001 张三 80.0 3.0
55230002 张四 81.0 3.0
55230003 张五 79.0 2.7

30003 体育 必修  2.0 17 1410.0 82.94 56.0 3.29 2023 3 20.00 5 25.00
55230001 张三 80.0 3.0
55230002 张四 81.0 3.0
55230003 张五 79.0 3.2
55230004 张三 80.0 3.0
55230005 张七 81.0 3.0
55230006 张八 79.0 3.2
55230007 张九 80.0 3.0
55230008 刘一 90.0 3.6
55230010 陈二 80.0 3.2
55230011 李四 90.0 3.6
55230012 王五 80.0 3.2
55230013 赵六 80.0 3.2
55230014 孙七 90.0 3.6
55230015 周八 80.0 3.2
55230016 吴九 90.0 3.6
55230017 吴九 80.0 3.2
55230018 郑十 90.0 3.6

