29404 中国土地制度 选修  2.0 1 90.0 90.00 4.0 4.00 2023 1 1.00 1 1.00
55230055 只因阔1 90.0 4.0

16018 中国近代史纲要 选修  1.0 0 0.0 0.00 0.0 0.00 2020 0 0.00 0 0.00

13738 中国当代文学 选修  1.5 0 0.0 0.00 0.0 0.00 2023 0 0.00 0 0.00

44030 运营管理与分析 选修  1.5 0 0.0 0.00 0.0 0.00 2020 0 0.00 0 0.00

22951 语言学概论 选修  1.5 0 0.0 0.00 0.0 0.00 2020 0 0.00 0 0.00

41303 形势与政策 选修  1.0 0 0.0 0.00 0.0 0.00 2023 0 0.00 0 0.00

53637 线性代数 必修  2.5 1 99.0 99.00 4.0 4.00 2023 1 1.00 1 1.00
55230055 只因阔1 99.0 4.0

51941 线性代数 必修  2.5 0 0.0 0.00 0.0 0.00 2020 0 0.00 0 0.00

13406 线性代数 必修  2.5 0 0.0 0.00 0.0 0.00 2019 0 0.00 0 0.00

19179 数字逻辑电路 必修  2.0 0 0.0 0.00 0.0 0.00 2019 0 0.00 0 0.00

41252 数值分析方法 选修  1.5 0 0.0 0.00 0.0 0.00 2021 0 0.00 0 0.00

52988 数据结构与算法 必修  2.5 0 0.0 0.00 0.0 0.00 2021 0 0.00 0 0.00

13473 数据结构与算法 必修  2.5 0 0.0 0.00 0.0 0.00 2020 0 0.00 0 0.00

35700 蔬菜栽培学 必修  2.0 0 0.0 0.00 0.0 0.00 2021 0 0.00 0 0.00

34034 兽医药理学 必修  2.5 0 0.0 0.00 0.0 0.00 2021 0 0.00 0 0.00

46166 食品微观世界 选修  1.5 0 0.0 0.00 0.0 0.00 2021 0 0.00 0 0.00

49876 软件工程 必修  2.5 0 0.0 0.00 0.0 0.00 2022 0 0.00 0 0.00

11935 软件工程 必修  2.5 0 0.0 0.00 0.0 0.00 2021 0 0.00 0 0.00

37843 韧性城市生态规划 选修  1.5 0 0.0 0.00 0.0 0.00 2020 0 0.00 0 0.00

14293 人工智能与信息社会 选修  2.5 0 0.0 0.00 0.0 0.00 2019 0 0.00 0 0.00

16891 马克思主义基本原理 选修  1.0 0 0.0 0.00 0.0 0.00 2023 0 0.00 0 0.00

58818 流行病学基础 必修  2.5 0 0.0 0.00 0.0 0.00 2022 0 0.00 0 0.00

58599 流行病学基础 必修  2.5 0 0.0 0.00 0.0 0.00 2021 0 0.00 0 0.00

13791 流行病学基础 必修  2.5 0 0.0 0.00 0.0 0.00 2020 0 0.00 0 0.00

53143 离散数学 必修  2.5 0 0.0 0.00 0.0 0.00 2023 0 0.00 0 0.00

51020 离散数学 必修  2.5 0 0.0 0.00 0.0 0.00 2019 0 0.00 0 0.00

12050 离散数学 必修  2.5 0 0.0 0.00 0.0 0.00 2020 0 0.00 0 0.00

29019 考古发现与中国文化 选修  1.5 0 0.0 0.00 0.0 0.00 2019 0 0.00 0 0.00

26306 精神病学 必修  2.5 0 0.0 0.00 0.0 0.00 2021 0 0.00 0 0.00

34942 结构力学 必修  3.0 0 0.0 0.00 0.0 0.00 2023 0 0.00 0 0.00

56841 结构化学 必修  2.5 0 0.0 0.00 0.0 0.00 2021 0 0.00 0 0.00

56832 结构化学 必修  2.5 0 0.0 0.00 0.0 0.00 2022 0 0.00 0 0.00

14355 结构化学 必修  2.5 0 0.0 0.00 0.0 0.00 2023 0 0.00 0 0.00

29591 健美操 选修  2.0 0 0.0 0.00 0.0 0.00 2020 0 0.00 0 0.00

19373 基础物理学 必修  2.5 0 0.0 0.00 0.0 0.00 2020 0 0.00 0 0.00

48973 宏观经济学 必修  2.0 0 0.0 0.00 0.0 0.00 2021 0 0.00 0 0.00

23110 宏观经济学 必修  2.0 0 0.0 0.00 0.0 0.00 2020 0 0.00 0 0.00

60198 海洋微生物学 必修  2.5 0 0.0 0.00 0.0 0.00 2021 0 0.00 0 0.00

59481 海洋微生物学 必修  2.5 0 0.0 0.00 0.0 0.00 2023 0 0.00 0 0.00

28235 海洋微生物学 必修  2.5 0 0.0 0.00 0.0 0.00 2022 0 0.00 0 0.00

43616 光基科技 选修  1.5 0 0.0 0.00 0.0 0.00 2021 0 0.00 0 0.00

45811 工程伦理 选修  1.5 0 0.0 0.00 0.0 0.00 2020 0 0.00 0 0.00

27869 分子生物学基础 必修  3.0 0 0.0 0.00 0.0 0.00 2020 0 0.00 0 0.00

46125 动物解剖学 必修  2.0 0 0.0 0.00 0.0 0.00 2019 0 0.00 0 0.00

49624 电路与模拟电子实验 必修  3.0 0 0.0 0.00 0.0 0.00 2022 0 0.00 0 0.00

39913 电路与模拟电子实验 必修  3.0 0 0.0 0.00 0.0 0.00 2023 0 0.00 0 0.00

47539 电磁学 必修  3.0 0 0.0 0.00 0.0 0.00 2022 0 0.00 0 0.00

46785 电磁学 必修  3.0 0 0.0 0.00 0.0 0.00 2021 0 0.00 0 0.00

17150 电磁学 必修  3.0 0 0.0 0.00 0.0 0.00 2020 0 0.00 0 0.00

57406 材料力学 必修  2.5 0 0.0 0.00 0.0 0.00 2023 0 0.00 0 0.00

44584 材料力学 必修  2.5 0 0.0 0.00 0.0 0.00 2022 0 0.00 0 0.00

41543 Rvfpga课程 选修  1.5 0 0.0 0.00 0.0 0.00 2023 0 0.00 0 0.00

23899 Java课程设计 必修  2.0 0 0.0 0.00 0.0 0.00 2023 0 0.00 0 0.00

25051 c#课程设计 必修  2.0 0 0.0 0.00 0.0 0.00 2020 0 0.00 0 0.00

