55230001 Test 1 2023 软件学院 软件工程
10001 高等数学AI 99.9 1 1 3.5 4.0
10002 数字逻辑 90.0 1 1 2.0 4.0
22222 美术鉴赏 84.0 1 0 2.0 3.3
30004 高等数学AII 83.5 2 1 2.0 3.3
30005 面向对象程序设计 91.0 2 1 2.0 4.0



55230002 李四 0 2023 软件学院 软件工程
10001 11ee 89.9 1 1 3.5 3.7
10002 数字逻辑 91.1 1 1 2.0 4.0
22223 音乐鉴赏 87.0 1 0 2.0 3.7
30004 高等数学AII 80.5 2 1 2.0 3.0
30005 面向对象程序设计 89.0 2 1 2.0 3.7

paper_name jorc_name autor date volume_numissue_num issue_num page 2.22

c_name org class date 1.20

21230001 王五 1 2023 计算机科学与技术学院 计算机科学与技术
10001 高等数学AI 83.0 1 1 3.5 3.3
10002 数字逻辑 90.1 1 1 2.0 4.0
22224 书法鉴赏 86.0 1 0 2.0 3.3
30004 高等数学AII 83.5 2 1 2.0 3.3
30005 面向对象程序设计 90.6 2 1 2.0 4.0


c_name11 org22 class333 date4 3.30

21230002 赵六 0 2023 计算机科学与技术学院 计算机科学与技术
10001 高等数学AI 99.0 1 1 3.5 4.0
10002 数字逻辑 89.0 1 1 2.0 3.7
22222 美术鉴赏 88.0 1 0 2.0 3.7
30004 高等数学AII 84.5 2 1 2.0 3.3
30005 面向对象程序设计 96.0 2 1 2.0 4.0

paper_name2 jorc_name3 autor4 date5 volume_numissue_num6page666 issue_num6page666 page666 6.67


40240001 孙七 1 2024 人工智能学院 人工智能
10005 人工智能导论 90.0 1 1 2.0 4.0
30004 高等数学AII 82.5 2 1 2.0 3.3



52113145 董timing 0 1 高级学院 男童专业



