55230001 六啊 1 2023 软件学院 软件工程
10001 高等数学AI 99.900000 1 1 3.500000 4.000000
10002 数字逻辑 90.000000 1 1 2.000000 4.000000
22222 美术鉴赏 84.000000 1 0 2.000000 3.300000
30004 高等数学AII 83.500000 2 1 2.000000 3.300000
30005 面向对象程序设计 91.000000 2 1 2.000000 4.000000

55230002 李四 0 2023 软件学院 软件工程
10001 什么课 89.900000 1 1 3.500000 3.700000
10002 数字逻辑 91.100000 1 1 2.000000 4.000000
22223 音乐鉴赏 87.000000 1 0 2.000000 3.700000
30004 高等数学AII 80.500000 2 1 2.000000 3.000000
30005 面向对象程序设计 89.000000 2 1 2.000000 3.700000

21230001 王五 1 2023 计算机科学与技术学院 计算机科学与技术
10001 高等数学AI 83.000000 1 1 3.500000 3.300000
10002 数字逻辑 90.100000 1 1 2.000000 4.000000
22224 书法鉴赏 86.000000 1 0 2.000000 3.300000
30004 高等数学AII 83.500000 2 1 2.000000 3.300000
30005 面向对象程序设计 90.600000 2 1 2.000000 4.000000

21230002 赵六 0 2023 计算机科学与技术学院 计算机科学与技术
10001 高等数学AI 99.000000 1 1 3.500000 4.000000
10002 数字逻辑 89.000000 1 1 2.000000 3.700000
22222 美术鉴赏 88.000000 1 0 2.000000 3.700000
30004 高等数学AII 84.500000 2 1 2.000000 3.300000
30005 面向对象程序设计 96.000000 2 1 2.000000 4.000000

40240001 孙七 1 2024 人工智能学院 人工智能
10001 高等数学AI 95.000000 1 1 3.500000 4.000000
10005 人工智能导论 90.000000 1 1 2.000000 4.000000
30004 高等数学AII 82.500000 2 1 2.000000 3.300000

